Dec_L11_fc2: 0.0003486911
Dec_L11_cross_proj: 0.0004367270
Dec_L11_self_proj: 0.0005887556
Dec_L5_fc1: 0.0009161462
Enc_L6_proj: 0.0011367673
Enc_L21_fc2: 0.0011683156
Dec_L8_fc2: 0.0015725825
Dec_L10_fc1: 0.0015771448
Dec_L11_fc1: 0.0015921412
Dec_L10_fc2: 0.0017175179
Dec_L4_cross_proj: 0.0017245730
Dec_L9_cross_proj: 0.0017772931
Dec_L9_fc2: 0.0017999588
Dec_L10_cross_proj: 0.0019589363
Dec_L6_cross_proj: 0.0021570504
Enc_L18_fc1: 0.0021911357
Enc_L8_fc1: 0.0022327329
Dec_L7_cross_proj: 0.0022327562
Dec_L3_fc2: 0.0022423469
Dec_L8_cross_proj: 0.0022653226
Dec_L4_fc1: 0.0023069422
Dec_L8_self_proj: 0.0023183313
Dec_L7_fc2: 0.0024503894
Dec_L9_self_proj: 0.0024748427
Enc_L15_fc2: 0.0028174103
Dec_L5_cross_proj: 0.0028412990
Dec_L6_fc2: 0.0028600381
Dec_L5_fc2: 0.0028974493
Dec_L4_fc2: 0.0030778389
Dec_L3_cross_proj: 0.0030813693
Dec_L7_fc1: 0.0031451272
Dec_L0_fc2: 0.0032042561
Dec_L6_fc1: 0.0034827803
Dec_L10_self_proj: 0.0035521199
Dec_L7_self_proj: 0.0035643601
Enc_L23_fc2: 0.0035886374
Dec_L4_self_proj: 0.0037095435
Enc_L19_proj: 0.0037191286
Dec_L9_fc1: 0.0038070829
Dec_L8_fc1: 0.0039833945
Dec_L5_self_proj: 0.0040262267
Enc_L19_fc2: 0.0041766792
Enc_L18_fc2: 0.0043941139
Dec_L6_self_proj: 0.0044033469
Enc_L2_fc1: 0.0048773177
Dec_L2_cross_proj: 0.0049261646
Enc_L5_fc1: 0.0049702604
Enc_L21_fc1: 0.0054336414
Enc_L6_fc1: 0.0055965270
Enc_L5_proj: 0.0057364463
Enc_L8_fc2: 0.0057836350
Dec_L2_fc1: 0.0058303741
Dec_L3_self_proj: 0.0058429283
Enc_L22_fc1: 0.0064095314
Enc_L2_proj: 0.0065495022
Dec_L2_fc2: 0.0067279562
Dec_L0_cross_proj: 0.0067975370
Enc_L14_fc1: 0.0068078437
Enc_L16_fc2: 0.0070852436
Enc_L17_fc2: 0.0071133957
Enc_L22_fc2: 0.0073117792
Enc_L23_proj: 0.0073502405
Dec_L3_fc1: 0.0073774315
Dec_L2_self_proj: 0.0076706987
Enc_L5_fc2: 0.0077560230
Enc_L6_fc2: 0.0083873529
Enc_L15_proj: 0.0084450537
Enc_L4_proj: 0.0086507955
Enc_L16_proj: 0.0086833422
Enc_L19_fc1: 0.0087477683
Enc_L1_fc2: 0.0099533918
Enc_L9_fc2: 0.0101563134
Enc_L1_fc1: 0.0102162219
Enc_L3_fc2: 0.0106483282
Enc_L4_fc1: 0.0107059849
Enc_L23_fc1: 0.0112285150
Enc_L0_fc1: 0.0112907566
Dec_L1_cross_proj: 0.0113126531
Enc_L12_fc2: 0.0114860878
Enc_L11_fc2: 0.0115743102
Enc_L15_fc1: 0.0119315784
Enc_L21_proj: 0.0120410600
Enc_L14_fc2: 0.0120934360
Enc_L22_proj: 0.0121783473
Enc_L11_proj: 0.0123796853
Enc_L17_proj: 0.0123946588
Enc_L14_proj: 0.0124168533
Enc_L20_fc2: 0.0124852113
Dec_L1_fc2: 0.0124968868
Enc_L16_fc1: 0.0132164974
Enc_L13_fc1: 0.0136088802
Enc_L20_fc1: 0.0138177847
Enc_L10_fc2: 0.0142950151
Enc_L0_fc2: 0.0144896002
Enc_L9_fc1: 0.0151270629
Enc_L17_fc1: 0.0153026187
Enc_L18_proj: 0.0153293129
Enc_L4_fc2: 0.0156053743
Enc_L13_proj: 0.0165918640
Enc_L10_fc1: 0.0175427374
Enc_L7_fc1: 0.0176254439
Enc_L12_proj: 0.0177864369
Enc_L3_fc1: 0.0178307635
Enc_L13_fc2: 0.0182824983
Enc_L7_fc2: 0.0189378517
Enc_L12_fc1: 0.0193159270
Enc_L20_proj: 0.0195644958
Enc_L9_proj: 0.0208787087
Enc_L3_proj: 0.0210485950
Enc_L8_proj: 0.0211648904
Dec_L0_fc1: 0.0220160795
Enc_L1_proj: 0.0227482779
Dec_L1_fc1: 0.0227521385
Enc_L10_proj: 0.0228952124
Enc_L11_fc1: 0.0241303371
Enc_L7_proj: 0.0247356806
Dec_L0_self_proj: 0.0260696596
Dec_L1_self_proj: 0.0263003611
Enc_L2_fc2: 0.0400351562
Enc_L0_proj: 0.0779187962
